0.29732728223729993
0.339813937446616
0.8386983194045581
0.4348134607324242
0.4773967650252719
0.8780031064655875
0.4064328318368398
0.8451061118663108
0.8011659588249244
0.306006198991977
0.476304390440249
0.7303289156290644
0.9939042226162303
0.5930010415935758
0.7569173501797265
0.6863745536757363
0.6479376095183104
0.7233420731270074
0.4639913131116151
1.7774070655986702
0.3467868663784401
0.43055246360607646
0.29709652063920966
0.5828105240014929
0.22722614046897768
0.3368194966144425
0.7630853615624611
0.3866777686728707
0.2521304619399353
0.7484303654702342
0.3106494791607811
0.21047233030586796
0.24747412707461794
0.2039330355470456
1.367348020181263
0.5139034865572791
0.5547191371831376
0.381417857181126
0.6771518565563447
0.4473144848940677
0.6318639383789211
0.35467300920960976
1.012090899552976
0.43474175834836504
0.24254337093655515
0.39734720548386443
0.5130621008866026
0.9409365852716586
0.6885595520391617
0.5818586657070196
0.46928410466750975
0.461872220256458
0.5897811813897278
0.6947604988939211
0.5552044909006973
0.1967646184553721
0.8846129077488356
0.46511910995029143
0.3634350498970658
0.7616612879898194
0.6322601115212831
0.4097817077438647
0.40819548977454806
1.3791629030305188
1.6921331076681967
0.7528958834494411
0.6286086499111432
0.3440753467326094
0.2906636047956363
0.3439094722621459
0.7776587635869427
0.7890638197871074
0.7568186571012525
0.5891516677541955
0.6210939863547845
1.3109846330736947
0.2564304987881335
0.31095356166046395
0.5398397843634815
0.5273412934145127
0.3454583810875127
0.6962193443272213
1.3861232563096235
0.6075872562151166
0.2772381765058362
0.2269393884631954
0.511100977586668
1.030046155858819
0.6515426712971127
0.37547935685927336
0.5239491561706022
0.5150881516128516
0.6572158405142761
0.9631140364341471
0.2950753719443005
0.29926963245944177
0.3556965972027124
0.3575981528821449
0.983570850012719
1.5453310423132463
0.38876220737020833
1.4507014619194039
0.5449006665859922
0.37172883409704854
0.7088558244914787
0.1203774471835045
0.4504295438858193
0.7603972771115841
0.42263722852266394
0.43157194359852
0.6087945745092358
0.4405730192220502
0.7143932879572888
0.7168480263629228
0.14481457737868408
0.15497278409796675
0.605998461844253
0.35571202702029386
0.5409071861016642
0.6432363804231632
0.5694157335110214
0.9360482462000301
1.1125515246613253
0.25254451563052344
0.32222744709580664
0.34973699730799307
1.31561450827414
0.36792659319844767
0.4501172215596253
0.6361466350513277
0.4030815190526916
1.232262823549356
1.3078539588516267
0.33719914047133964
0.266556695799178
0.5149440944340488
0.5851506505767173
0.4346734549518579
0.2967536660687929
0.40756131740843593
0.34374873285166513
0.5696678443037575
0.4930952769861635
0.9853326216181738
0.4276159640611326
0.22291714391441134
0.574804215991957
1.4518412405382892
0.5385281440567732
1.7929146684884847
0.5382220411139178
0.35904267047316657
0.2590799778699976
0.2612822867018115
0.4213319206100812
0.7208652863518662
0.407440385766
0.36101569937075
0.5431937776548246
0.3643319570386771
1.4058629656078125
1.0881178311192463
0.902572124142591
0.5390356590876486
0.3024760776054261
2.0222461635526674
0.2142586040473828
0.25205443727060234
0.8979983245431794
0.7061628564576179
1.5246782949337188
0.5614699927742753
1.044047467241689
0.5068700701237197
0.4723361889947875
0.6623120431162651
0.558021481137841
0.3503017701875413
0.8181438216554239
0.684842651092308
0.9929182583851338
0.509499645691828
1.0056132570340115
0.4774893274986575
0.6487581157517369
1.7926966917132634
1.182130706733041
0.53580705686025
0.33708195292075155
0.5694355438107536
0.38655872902137023
0.4183005954069474
0.5687518472538381
0.7700903300194876
0.6580192809070254
1.2455943579330844
0.3318298786943971
0.5968758097498954
0.49158684838028194
0.8712217330078847
0.6066305423245618
0.5324444009861116
1.087464719147951
1.687649314636154
0.35252487362355556
0.33073196306839975
0.6833984059420494
1.1819287011525428
1.111719608088962
0.5986987054789749
1.2134416552652005
0.9943852580629876
0.7560194360426586
0.3203075289083137
0.6881697561181976
0.5685014989015571
1.244395323011179
0.35723939292655754
0.977064297342447
0.6654388974724579
0.9110738160281314
1.1307715672622112
0.7514124559083247
0.9783896487947477
0.5538728504565401
0.47569107111946723
0.5858835791457816
0.2983183204968631
0.6496999456156786
0.3942808658549504
0.34109348571258374
0.4286024754820937
0.3881586435479556
0.4588092516027512
0.8032948440787506
0.27932300700139784
0.5477410965736845
0.27859658572845714
1.7099953109056774
0.13826311296139832
0.6392192213543443
0.7441703460218055
0.7107492665169233
0.48180493796453694
0.22812266656891173
0.8095203884907748
0.9416318553360045
0.3031612060209827
0.7410766626179814
0.4084082570760597
0.9047520655929071
0.43834813051308485
1.0672587412368322
0.3098473292217521
0.34047696896267965
0.9726309583356832
0.5210606202488504
0.24227346156368001
0.6023187569513975
0.3855668645941283
0.12751993795181457
0.6846382714007387
0.4946648793175132
0.7499585743697353
0.680131755279849
0.3026174470050032
0.6643803671515796
0.5273381346469296
0.4870672321639139
0.5425126889498395
0.557693714543768
0.2759214451922824
0.992498887721097
0.6221139898621325
1.0560302494160743
1.489592377189406
1.6043974731971247
0.5350931742943873
0.20383150267001882
0.6677785004124094
0.34882155943052184
0.5612610993445549
0.35604734376689723
0.73852377004555
1.188003874979922
0.6807320466651766
0.9867428150878915
0.36649511101414356
0.7697761109740213
1.2284315798742853
0.7596858992409989
0.5496501117867165
0.5870728443830706
1.4780534457801686
0.3529216230195938
1.1228700771221967
0.6134333089996483
0.7090345879379175
1.0487429581905447
0.5338027244592569
0.7065811620068431
0.17326956900576246
0.6760083746157866
0.30906893709950006
0.24450537717642368
1.4720585786731295
0.5329601998410055
0.3325155658324644
0.6709951445734098
0.3074983663168333
0.49168970794563327
0.6434341659762476
0.6769041039331966
0.6678314639457018
0.6764319958045292
0.48287736249023844
0.4531016826924664
0.2598213025421351
0.5022524080786347
0.4806247683964972
0.6382604740717608
1.0526535016150724
0.24558904191944575
0.26471507158934504
0.6038321745703275
0.5664911966953617
0.21947648753834353
0.7235346197645195
0.5981404317837893
1.247787901748503
0.7628304828165312
1.2636439236633612
0.4092290192460427
0.7897063211284204
0.3171182335267118
0.684282395328988
0.4322332841146729
0.3349622431789652
0.947374946764219
0.3553677747296424
0.32379300138548545
0.3282800921731015
0.6609318370440559
0.8074712101217831
0.29808828532229675
0.4988708221859466
1.2292647793823686
0.4646990394908645
0.21921158515984485
0.5824161875336781
0.3943730876315179
0.39195080304079416
0.6011235692119936
1.096423975368053
0.611090564235361
0.47840337489282736
0.5195964558467268
0.2913907313501943
1.0516178046178295
0.7532718213110355
0.610078141890994
0.5271327468095324
0.4434992811972109
0.4042442903999042
0.6770486564572546
0.7433509989870581
0.4733098215019421
0.9432269891739307
0.6808289835026954
1.1443561686895034
0.45097259684262203
0.5101799428600716
0.9907697408462591
0.6286276562937425
0.36574969252683626
0.65673177291345
1.297510097717002
0.5126263492639491
1.0667320179993156
0.5362845297462936
0.7413170807721943
0.7942253946667758
0.85938734940474
0.2534577219779641
0.7026946835515281
0.3877794196354444
0.3757965852160055
0.39273980814901915
0.368232508090685
0.6268409999794704
0.4704729505688939
0.3162549386809605
1.0526463367484589
0.4198552589949756
0.803304272449957
0.5121764789114658
0.9748070665472677
0.6866369105367142
1.6671815233818845
0.17188567435894395
0.2558511767554832
1.1666358902149976
1.150423564366645
0.2670483918653843
0.3631717184137078
1.3277100066251926
0.3878044611782823
0.5246234560521958
0.5631237774454453
0.6017331503905277
1.1809032743712327
0.9796568400456123
0.40752731691585437
0.49470647309086757
0.45980320109967787
0.7122073569137728
0.511389763679227
0.3792651764308618
0.8381400625541388
0.38618836953665703
0.23469280892463124
0.5571981954923139
2.4596193589785695
1.1599818669038757
0.5278207527781558
0.5734107728585687
0.7263067022037069
0.3910389798502656
1.2016528371883946
0.5523662129842349
0.5181634928302562
0.5218394429225045
0.334384130772773
0.34097922852126117
0.8321597941984631
1.7443838068333846
0.5866595188534787
0.8627827881190242
1.0965657053782167
0.4377233138456548
0.5462881447413422
0.31375577950774264
0.18841321046094103
0.20734959330845845
0.4961976697888126
0.25397739473913045
0.26846811281377686
0.26795640741287274
0.8961816288706681
0.13443142052771972
0.7068030446392027
1.5460187826749308
0.3917994119773518
0.5782545924706664
0.8605847909910114
0.4004552129723067
0.9037208316726741
0.8490346653059452
0.36670145633937545
0.9614098678458786
0.18921727012654307
0.8550103290507096
0.3729462002121437
0.5662557552529446
0.37029843191568945
0.6759453917465233
0.3524574208408852
0.8631607724719556
0.6477927388399783
0.6558570335336987
0.40696872884425417
1.2144377800343225
0.6759582564802606
0.6780575309468247
0.4397737568482998
1.374509451185585
0.7225797263211848
0.4901256347131066
0.37701822160206744
0.5263104803775281
0.36321567102817054
0.464643573402664
0.557595648159319
0.7072507381236319
0.7740370851897413
0.47603552939505117
0.40620944196784076
0.6647375453649891
0.6988930537784459
0.7379271380036542
0.3394185874416115
0.5465452918632108
0.13138448841730999
0.3143001703157601
0.465818396757942
0.5534129571260098
0.24603500310502693
0.5530314229735331
0.3633244273811605
0.3051870703055211
0.39173040680570015
0.23863685929660844
0.49509098035757176
1.0606863374819173
0.5486119315679228
1.0136003750781082
1.10230010414305
0.5738084230907382
0.3438396266204566
0.2589502136560454
0.2870316475737317
0.45856819671356475
0.6492112829068559
0.651358405107841
0.8552312256061106
1.0089692172722498
0.4379384624612222
1.5267391735941123
0.49118463555657904
3.2702793285398637
0.1397249220612282
0.7881004738781666
0.5204641149093239
0.46477997304524504
1.5044676740600946
0.2807936875491462
0.9575551099187793
0.4490423773951576
0.7260309709630314
0.24277664983832617
0.7038621062693624
0.6449276973374988
1.6338935549839557
0.5197199024586965
0.8628190112507086
0.4681358094852157
0.8679032785018215
0.6594511796349531
0.1336629805225288
1.4406860238615296
1.0454760994636114
0.47011866014478676
0.4317272491948755
0.7525121548807239
0.5389932238994894
0.4313609902822236
0.5705192927556519
0.6119723030248682
0.48688636425888615
0.5032190621108498
0.24476922484295638
1.2352068617747198
0.46828535812534694
0.4485033591831399
0.34549071190016295
1.14054228151556
0.0773095125619855
0.3409650816727929
0.5151469467856429
0.19824671537767002
1.1162068859609124
0.3526921949150089
0.3658801729970239
0.39358502134510215
0.46578218061800136
0.4505942843548887
0.6182587905161554
0.44256656078289475
0.6504735417381765
0.6560562537818353
0.8024693849337485
0.18165237160360548
0.30756293779468086
0.765072286338547
0.2327965049582279
0.6142520727683394
0.2825256427556968
0.3840214814583991
0.6506614822394201
0.36177415035885596
0.5980368202265991
0.7153150658051514
0.7703057985017501
0.593203786995489
0.24781563934684592
0.3803038874371955
0.33015951401326543
0.7418950086185969
1.2369269912059064
0.31975738126891845
1.0944332299037514
2.158924558839348
0.3779293006053755
0.24663623819250063
1.4425235386210322
0.6237906766006469
0.44294799794547046
0.5375550350195827
0.13370156376408943
0.5276316919913967
0.6115047980098102
0.5922927142810296
1.1230821158986861
0.65353091228877
0.32519056457546913
0.4193029023714485
0.7568465174796966
0.2832655137675844
0.6495513817581089
0.7864637585824447
0.398290538080906
0.33896237829387793
0.20438872932058422
0.6348125086430392
1.4387314881505269
0.8145617722654153
0.4315263907096436
0.3461036490375539
0.3593397381640237
0.22165446314994977
1.2875172369991332
0.24165965423454994
0.40743380714247546
0.3076711627750725
1.342647198886142
0.2493977858089873
0.37966714521891276
0.5232424716878038
0.31154340868890296
0.8732605973273388
0.865840979997301
0.4705730287439582
0.8673225213607919
0.46125118720016123
0.46710885765689597
0.518925275587677
0.32848174583521167
1.3575558220853663
0.33531086015223577
1.4159658272153743
1.3161248337732738
0.4173389912143936
0.7771993742173531
0.5681264696667441
0.27022680318698306
0.7385712569547326
0.3751241863847697
0.2658551094066844
0.5607085004501903
0.8384097172150178
0.5504655639955573
0.4992428987741767
0.4367951782888043
2.3650425944220164
0.3836596000684972
0.4524557185654211
0.34169214186032504
0.2554099124861336
0.17988875950086072
0.620853006478372
0.8165520011560696
0.3221001854880836
0.41382161652982324
0.4845597267402951
0.7077337757726619
1.0208479150599767
0.6181269926230508
0.9331403834639684
0.4034996730037636
0.48683067540594477
0.3957936222940334
0.6885792861039287
0.5064029890824063
1.6377714215001127
0.2134195053470575
1.0026030909676884
0.48435198108307825
0.6579570495992587
0.2928179636356073
0.5676712006550241
0.34919245670511717
0.15916404788922092
0.3418346208776034
0.55551400889327
0.8283827627121576
0.46522357959224003
0.10847176903576157
0.4417224868167814
0.33187186925335693
0.38165466083627836
0.20820069246144707
0.588216267367291
0.7545234688246046
0.5871114075264321
1.2417776057309264
0.3002440516808574
0.31652655386196393
0.5180869928418902
0.5065458062151804
0.7574690011634525
0.9198328923874614
1.159979150990091
1.2476815064280136
0.33091484833501733
0.8902069677820545
0.66751453760354
0.3379078842819428
0.7493193464099086
0.5971118730684302
0.3943069677673085
0.5376654646470416
1.0110648409749152
0.8174396700362109
0.6944049955332825
0.4587520056986153
0.3809447544847175
0.26152795376479504
0.9936462317181518
0.37813690768652275
0.6255906675693853
0.6561415160775634
0.4202811235226516
0.577853676058211
0.6670630144479467
0.3141980273488113
0.5526518365333488
0.4701688503483049
0.763551243243403
0.744684537091226
0.45984001652948925
0.5118451086307884
0.38700159774676046
0.4398698866703821
1.3818475935153327
0.19779268315237228
0.932873721376664
0.5549548938895593
0.4298542145298421
0.5936779482762954
0.7026822266548199
0.9582405397193261
0.7624166485234072
0.7379923762324507
0.2662636688288086
0.5682339493533035
0.5048897896121346
0.6068551710650691
0.5299546779444844
0.500034242459049
0.39291992307291634
0.6639941577640034
0.6325206798319657
0.7351861736007861
0.4394048552586848
0.5164556534085262
0.8469706602941278
0.5088724637687921
0.9961399448737644
0.7807480760354112
0.5718761051901968
0.6269543961201803
0.9367581918473867
0.1824870995878243
1.1358266703662967
0.537265267161187
0.6397184101095501
0.8389251783887742
0.32457225510364685
0.6740406220582322
0.718390048448345
1.5732431170952375
0.6485052265144927
1.3695926406458288
1.0121913605019128
0.6960147894708973
0.6339529723505797
0.5172124756598006
0.5516156900566006
0.43882360157239575
0.39124289881071167
0.4302494983155855
0.7503624863308914
0.7745285956544332
0.31784024443458814
0.7597896661143745
0.5299886667442335
0.5891301508068323
1.3942736078136857
0.5903340433696636
0.6819065511132063
0.6748854317249815
0.7314248668874859
0.4289489250294824
0.45062317383795736
0.5082461944127963
0.45365396067097485
0.3793621433613484
1.230179987224119
0.39344124963508953
0.687880094134887
0.5712983222071929
0.4855033598964913
0.5461342635112556
0.25426176766501374
0.394357157859682
0.6326718674019964
0.6543292196635225
0.33278179298467075
0.48297502463748215
1.2788370505570328
1.284428014074704
0.33835656072901954
0.6823171231835089
0.43006178362738035
0.5795569123678513
0.5471917405427498
1.3333629853350355
0.6977657700427011
0.9270312769782797
1.0517807353677457
1.1605746695963612
0.6963960401935959
0.5206471169898255
0.3277479280992813
0.41379672956049895
0.5129028897536311
0.2932029346147992
0.2837127780579802
0.47380544752292636
0.4544438181531366
0.41433158184749375
0.39313481261586203
0.44477160580821673
0.39701303368834734
1.259931647904368
0.7121750570286438
0.6728935996979916
0.2476509640563412
0.36693058965034087
0.46301120460517475
0.5251135666951438
0.4795980727346115
0.7686140591203775
0.7663785882506147
0.9989099805394157
0.4248025612086459
0.478346797124603
0.24479489111068803
0.859581131418698
0.49111367570874115
0.4133965505083405
0.469354851679388
0.2607202201566734
0.2764156866297089
0.9240027182527626
0.4536524235294144
0.2919921116761353
1.3233246083647803
0.23503500865902296
0.8612217087980024
0.49441287605465134
1.0541383320536586
0.3947296410161893
0.5634644129850486
0.3646785335324068
1.58820520908362
0.5533918659888141
0.7888001666558776
1.449388185181076
0.5664782711577219
0.7921947633371175
0.4325473332738292
0.5551062988043626
0.6726379491751014
0.5083946830214292
0.7125358097817934
0.42627680920138933
0.24397355428983328
0.5042516289111582
0.6458591486599597
0.4380846595856527
0.7055919380971344
0.30559900118595495
0.21974335017616217
0.44122360592049126
0.3522491027459606
0.6756452891155861
0.6830135629506116
0.6092678122402408
0.4622172166968479
0.44318845143003727
1.6749435318132664
0.3906167939767924
0.43903935706136843
1.0936256239115334
0.32697812465729126
1.2557268370073158
0.5884058938539926
0.45896898153791565
0.35987924732410365
1.0027300614977213
0.2733067715498761
0.27938625437418085
0.5257503331935433
0.4740555963366114
0.6191005935642518
0.31324900541333917
0.9717641297572117
0.8926936644205227
0.4374019021073485
0.5353654461297681
0.3664207934396948
0.5045198171762995
1.1602398687521924
0.4811200106288722
0.2709697446646472
0.4473347864486951
0.7642186922521093
1.0102455715609362
1.0506771811546551
0.3904296612890195
0.7808289693333834
0.7527277752183398
0.5608285141034887
0.25634992862531536
0.8308957913453965
0.36179070080340675
0.874079144299036
0.592229665582725
0.43259031415090277
0.9679759724504854
0.4057121209836397
0.3251173143620688
1.0228322743776361
0.5636697201838912
1.1237321927399688
0.5359757358874317
0.4178579468900318
0.28806506382159885
0.2684057451512859
0.6703200616977646
0.15992970079930402
1.0377530804573982
0.6286238584494594
1.255261465755188
1.3016530402814708
0.49785377169129436
0.9754354577124901
0.37157450300175493
0.3483293937219112
0.49609758103360896
0.5154384661271806
0.5471204744040129
0.37869498812159114
0.33984930670906816
0.5213095022948157
0.41599986721956794
0.8194274107976208
0.5341962049065938
0.6900188109267201
0.3963003711567843
0.3692548730542445
1.0537083329993249
0.42122153589385253
0.6002902579813597
0.5865969475279998
0.6881206399580574
0.45830974170119854
0.5015717570415932
1.1759658810905664
0.4956134669905967
0.3307660406076574
0.7100653553540436
2.2608378325617102
0.39760004167508695
0.5610173362346415
0.4977393141396831
0.3357978305255414
0.5076887802033749
0.8806445257288925
0.6985965935413072
0.5007807373420942
0.3765761660434026
0.9834712957614331
0.8095016013014444
0.6631518765439992
0.422429061120861
0.6346008374406021
0.5271022421567111
0.5004870730102424
1.307513592601351
0.4444733540926352
0.47872162754155195
0.969405700024081
0.31242669491078223
0.390359913436615
1.1169809408454148
0.25825488058973656
0.3379361417768604
0.3250753396658897
