1.16933
1.77533
2.38133
2.98667
3.59267
4.198
4.804
5.41
6.01533
6.62133
7.22733
7.83267
8.43867
9.044
9.65
10.256
10.8613
11.4673
12.0727
12.6787
13.2847
13.89
14.496
15.102
15.7073
16.3133
16.9187
17.5247
18.1307
18.736
19.342
19.9473
20.5533
21.1593
21.7647
0.525333
1.13067
1.73667
2.34267
2.948
3.554
4.16
4.76533
5.37133
17.2027
17.808
18.414
19.02
19.6253
20.2313
20.8367
21.4427
0.203333
0.808667
1.41467
2.02
2.626
3.232
3.83733
4.44333
5.04867
5.65467
6.26067
6.866
7.472
8.078
8.68333
9.28933
9.89467
10.5007
11.1067
11.712
12.318
12.9233
13.5293
14.1353
14.7407
15.3467
15.9527
16.558
17.164
17.7693
18.3753
18.9813
19.5867
20.1927
20.798
21.404
0.164667
0.77
1.376
1.98133
2.58733
3.19333
3.79867
4.40467
5.01067
5.616
6.222
6.82733
7.43333
8.03933
8.64467
9.25067
9.856
10.462
11.068
11.6733
12.2793
12.8853
13.4907
14.0967
14.702
15.308
15.914
16.5193
17.1253
17.7307
18.3367
18.9427
19.548
20.154
20.7593
21.3653
0.126
0.731333
1.33733
1.94333
2.54867
3.15467
3.76
4.366
4.972
5.57733
6.18333
6.78867
7.39467
8.00067
8.606
9.212
9.818
10.4233
11.0293
11.6347
12.2407
12.8467
13.452
14.058
14.6633
15.2693
15.8753
16.4807
17.0867
17.692
18.298
18.904
19.5093
20.1153
20.7213
21.3267
0.0873333
0.692667
1.29867
1.90467
2.51
3.116
3.72133
4.32733
4.93333
16.7647
17.37
17.976
18.5813
19.1873
19.7933
20.3987
21.0047
21.61
0.370667
0.976667
1.582
2.188
2.794
3.39933
4.00533
4.61067
5.21667
5.82267
6.428
7.034
7.63933
8.24533
8.85133
9.45667
10.0627
10.6687
11.274
11.88
12.4853
13.0913
13.6973
14.3027
14.9087
15.514
16.12
16.726
17.3313
17.9373
18.5427
19.1487
19.7547
20.36
20.966
21.572
0.332
0.938
1.54333
2.14933
2.75533
3.36067
3.96667
4.572
5.178
5.784
6.38933
6.99533
7.60133
8.20667
8.81267
9.418
10.024
10.63
11.2353
11.8413
12.4467
13.0527
13.6587
14.264
14.87
15.4753
16.0813
16.6873
17.2927
17.8987
18.5047
19.11
19.716
20.3213
20.9273
21.5333
0.293333
0.899333
1.50467
2.11067
2.71667
3.322
3.928
4.53333
5.13933
5.74533
6.35067
6.95667
7.56267
8.168
8.774
9.37933
9.98533
10.5913
11.1967
11.8027
12.408
13.014
13.62
14.2253
14.8313
15.4373
16.0427
16.6487
17.254
17.86
18.466
19.0713
19.6773
20.2827
20.8887
21.4947
0.254667
0.860667
1.466
2.072
2.678
3.28333
3.88933
4.49533
5.10067
5.70667
6.312
6.918
7.524
8.12933
8.73533
9.34067
9.94667
10.5527
11.158
11.764
12.37
12.9753
13.5813
14.1867
14.7927
15.3987
16.004
16.61
17.2153
17.8213
18.4273
19.0327
19.6387
20.244
20.85
21.456
0.216
0.822
1.428
2.03333
2.63933
3.24467
3.85067
4.45667
5.062
5.668
6.27333
6.87933
7.48533
8.09067
8.69667
9.30267
9.908
10.514
11.1193
11.7253
12.3313
12.9367
13.5427
14.148
14.754
15.36
15.9653
16.5713
17.1767
17.7827
18.3887
18.994
19.6
20.206
20.8113
21.4173
0.177333
0.783333
1.38933
1.99467
2.60067
3.206
3.812
4.418
5.02333
5.62933
6.23533
6.84067
7.44667
8.052
8.658
9.264
9.86933
10.4753
11.0807
11.6867
