9.5
9.0
10.5
13.0
3.0
2.5
5.0
12.0
5.0
14.0
5.0
5.0
11.5
15.0
14.0
14.0
6.5
12.5
5.5
5.0
6.5
3.5
6.0
3.5
10.0
3.0
0.5
12.5
9.5
6.0
11.5
7.0
2.5
9.0
3.5
11.0
6.0
13.5
4.0
8.5
9.5
5.5
0.5
12.5
0.5
8.0
0.5
11.5
4.5
0.0
6.0
0.5
1.5
14.0
4.0
4.0
0.0
2.0
7.5
1.5
6.0
14.5
5.5
3.5
1.5
9.0
6.0
4.0
2.5
11.0
5.5
3.0
5.5
8.0
9.5
4.0
11.5
11.5
7.0
12.5
7.0
10.5
5.0
11.0
10.5
3.5
8.0
14.5
5.5
8.0
10.0
0.0
1.0
1.5
12.0
4.5
9.0
7.5
5.5
0.0
6.0
0.5
11.5
7.5
2.0
6.0
7.5
7.0
9.5
13.0
1.0
9.5
3.5
13.5
2.5
14.5
10.5
13.5
13.5
1.0
5.0
1.0
12.5
4.0
14.0
2.5
10.5
2.5
6.0
13.5
15.0
11.5
0.0
10.0
11.0
14.0
8.5
0.5
12.5
9.5
3.5
9.5
14.0
9.0
3.0
11.0
12.5
4.5
3.5
12.0
1.0
7.5
4.5
14.5
3.5
12.5
3.5
5.5
8.5
14.5
2.0
2.0
9.0
7.5
10.0
2.5
13.0
9.0
11.0
12.0
11.5
12.0
6.0
14.0
14.0
5.5
8.5
3.0
4.0
7.5
6.5
6.5
7.0
12.0
13.5
12.5
10.0
7.0
13.5
0.5
0.5
10.5
1.5
2.0
15.0
15.0
5.5
15.0
3.0
0.0
